# PWV zflux iflux rflux
0.000000000000000000e+00 2.232631614129609114e+21 2.752304530285248643e+21 2.634711569140872643e+21
5.000000000000000000e-01 2.191215439482092257e+21 2.746467762825368437e+21 2.633787518985738125e+21
1.000000000000000000e+00 2.163055288497983717e+21 2.741046752084614971e+21 2.632881649233108664e+21
1.500000000000000000e+00 2.140074180213565817e+21 2.735972499695904752e+21 2.631991992984356258e+21
2.000000000000000000e+00 2.120184631453341450e+21 2.731190980931203629e+21 2.631116942838093316e+21
2.500000000000000000e+00 2.102443559005637837e+21 2.726659432575613796e+21 2.630255173849670746e+21
3.000000000000000000e+00 2.086319420154791330e+21 2.722343639514933625e+21 2.629405584107846500e+21
3.500000000000000000e+00 2.071473874440630305e+21 2.718215935681844740e+21 2.628567248755097076e+21
4.000000000000000000e+00 2.057674239714334867e+21 2.714253719447849665e+21 2.627739384289831158e+21
4.500000000000000000e+00 2.044751686882139308e+21 2.710438342083447620e+21 2.626921320751138603e+21
5.000000000000000000e+00 2.032578787055503671e+21 2.706754268694102671e+21 2.626112479961902744e+21
5.500000000000000000e+00 2.021056393634103427e+21 2.703188439609126158e+21 2.625312358440824209e+21
6.000000000000000000e+00 2.010105478961603019e+21 2.699729780323737141e+21 2.624520513922779841e+21
6.500000000000000000e+00 1.999661798118175015e+21 2.696368822349477708e+21 2.623736554676345635e+21
7.000000000000000000e+00 1.989672260012472795e+21 2.693097407485302014e+21 2.622960130996589036e+21
7.500000000000000000e+00 1.980092377762888417e+21 2.689908455302424953e+21 2.622190928395281367e+21
8.000000000000000000e+00 1.970884427676639035e+21 2.686795778887029621e+21 2.621428662120375386e+21
8.500000000000000000e+00 1.962016088544179651e+21 2.683753937695374049e+21 2.620673072720401400e+21
9.000000000000000000e+00 1.953459415533939327e+21 2.680778119158766240e+21 2.619923922433564213e+21
9.500000000000000000e+00 1.945190052764372697e+21 2.677864042720662127e+21 2.619180992230406488e+21
1.000000000000000000e+01 1.937186619690768400e+21 2.675007881500855108e+21 2.618444079376729899e+21
1.050000000000000000e+01 1.929430226400651248e+21 2.672206197907278791e+21 2.617712995412587053e+21
1.100000000000000000e+01 1.921904086072435409e+21 2.669455890359291216e+21 2.616987564465474503e+21
1.150000000000000000e+01 1.914593201734695256e+21 2.666754148921897910e+21 2.616267621833521496e+21
1.200000000000000000e+01 1.907484110584339759e+21 2.664098418132493271e+21 2.615553012787634504e+21
1.250000000000000000e+01 1.900564673419501109e+21 2.661486365669758337e+21 2.614843591552405078e+21
1.300000000000000000e+01 1.893823899811046490e+21 2.658915855796857209e+21 2.614139220433560404e+21
1.350000000000000000e+01 1.887251801861170659e+21 2.656384926729497477e+21 2.613439769066275865e+21
1.400000000000000000e+01 1.880839271032671437e+21 2.653891771248973185e+21 2.612745113763714695e+21
1.450000000000000000e+01 1.874577973749909029e+21 2.651434720013074301e+21 2.612055136949141242e+21
1.500000000000000000e+01 1.868460262389341749e+21 2.649012227121903829e+21 2.611369726658078048e+21
1.550000000000000000e+01 1.862479098975580848e+21 2.646622857578159276e+21 2.610688776099547578e+21
1.600000000000000000e+01 1.856627989435574387e+21 2.644265276346886783e+21 2.610012183267398124e+21
1.650000000000000000e+01 1.850900926679847797e+21 2.641938238772181729e+21 2.609339850594280014e+21
1.700000000000000000e+01 1.845292341105624875e+21 2.639640582150246892e+21 2.608671684642227618e+21
1.750000000000000000e+01 1.839797057373586588e+21 2.637371218292319977e+21 2.608007595824716448e+21
1.800000000000000000e+01 1.834410256514226061e+21 2.635129126938413629e+21 2.607347498155997921e+21
1.850000000000000000e+01 1.829127442583130735e+21 2.632913349905403609e+21 2.606691309024142426e+21
1.900000000000000000e+01 1.823944413216129155e+21 2.630722985871309013e+21 2.606038948984847860e+21
1.950000000000000000e+01 1.818857233541848629e+21 2.628557185712806429e+21 2.605390341573417370e+21
2.000000000000000000e+01 1.813862212996130669e+21 2.626415148325545181e+21 2.604745413132798132e+21
2.050000000000000000e+01 1.808955884653992215e+21 2.624296116867211723e+21 2.604104092655865561e+21
2.100000000000000000e+01 1.804134986753500250e+21 2.622199375371928863e+21 2.603466311640302486e+21
2.150000000000000000e+01 1.799396446134470967e+21 2.620124245691922907e+21 2.602832003954808193e+21
2.200000000000000000e+01 1.794737363355358200e+21 2.618070084728361320e+21 2.602201105715364889e+21
2.250000000000000000e+01 1.790154999285416198e+21 2.616036281918513742e+21 2.601573555170630959e+21
2.300000000000000000e+01 1.785646762997576106e+21 2.614022256950682583e+21 2.600949292595485344e+21
2.350000000000000000e+01 1.781210200811294425e+21 2.612027457682060870e+21 2.600328260192010502e+21
2.400000000000000000e+01 1.776842986354886574e+21 2.610051358237872095e+21 2.599710401997180502e+21
2.450000000000000000e+01 1.772542911533863666e+21 2.608093457272764105e+21 2.599095663796654965e+21
2.500000000000000000e+01 1.768307878306536489e+21 2.606153276377806143e+21 2.598483993044169261e+21
2.550000000000000000e+01 1.764135891180467257e+21 2.604230358618474545e+21 2.597875338786013970e+21
2.600000000000000000e+01 1.760025050354136121e+21 2.602324267190565994e+21 2.597269651590166872e+21
2.650000000000000000e+01 1.755973545437364748e+21 2.600434584182722134e+21 2.596666883479753458e+21
2.700000000000000000e+01 1.751979649691933999e+21 2.598560909435285275e+21 2.596066987870427021e+21
2.750000000000000000e+01 1.748041714740718207e+21 2.596702859486541906e+21 2.595469919511401988e+21
2.800000000000000000e+01 1.744158165699633349e+21 2.594860066598261096e+21 2.594875634429853696e+21
2.850000000000000000e+01 1.740327496691823411e+21 2.593032177853383836e+21 2.594284089878442410e+21
2.900000000000000000e+01 1.736548266708047495e+21 2.591218854319399895e+21 2.593695244285708337e+21
2.950000000000000000e+01 1.732819095781170741e+21 2.589419770271701139e+21 2.593109057209161482e+21
3.000000000000000000e+01 1.729138661446120374e+21 2.587634612471707730e+21 2.592525489290870784e+21
3.050000000000000000e+01 1.725505695459677569e+21 2.585863079495145619e+21 2.591944502215364313e+21
3.100000000000000000e+01 1.721918980757195325e+21 2.584104881106243813e+21 2.591366058669718897e+21
3.150000000000000000e+01 1.718377348625625514e+21 2.582359737674134716e+21 2.590790122305654620e+21
3.200000000000000000e+01 1.714879676074354278e+21 2.580627379627965809e+21 2.590216657703531446e+21
3.250000000000000000e+01 1.711424883387198865e+21 2.578907546947678110e+21 2.589645630338127888e+21
3.300000000000000000e+01 1.708011931840494698e+21 2.577199988687624471e+21 2.589077006546071192e+21
3.350000000000000000e+01 1.704639821573738725e+21 2.575504462530472837e+21 2.588510753494830940e+21
3.400000000000000000e+01 1.701307589600455688e+21 2.573820734369077658e+21 2.587946839153181721e+21
3.450000000000000000e+01 1.698014307948181062e+21 2.572148577914216514e+21 2.587385232263038894e+21
3.500000000000000000e+01 1.694759081917446881e+21 2.570487774326249488e+21 2.586825902312595653e+21
3.550000000000000000e+01 1.691541048450576286e+21 2.568838111868952773e+21 2.586268819510683763e+21
3.600000000000000000e+01 1.688359374601942729e+21 2.567199385583894921e+21 2.585713954762283024e+21
3.650000000000000000e+01 1.685213256102077530e+21 2.565571396983940186e+21 2.585161279645103423e+21
3.700000000000000000e+01 1.682101916008660074e+21 2.563953953764437131e+21 2.584610766387247317e+21
3.750000000000000000e+01 1.679024603438059356e+21 2.562346869530942243e+21 2.584062387845753995e+21
3.800000000000000000e+01 1.675980592371605963e+21 2.560749963542289973e+21 2.583516117486163984e+21
3.850000000000000000e+01 1.672969180531279528e+21 2.559163060467973226e+21 2.582971929362864013e+21
3.900000000000000000e+01 1.669989688319950455e+21 2.557585990158874837e+21 2.582429798100320125e+21
3.950000000000000000e+01 1.667041457821659955e+21 2.556018587430466617e+21 2.581889698875043742e+21
4.000000000000000000e+01 1.664123851857869406e+21 2.554460691857634492e+21 2.581351607398336299e+21
4.050000000000000000e+01 1.661236253095852769e+21 2.552912147580407775e+21 2.580815499899710734e+21
4.100000000000000000e+01 1.658378063205786452e+21 2.551372803119859630e+21 2.580281353110985638e+21
4.150000000000000000e+01 1.655548702063280521e+21 2.549842511203554820e+21 2.579749144251026899e+21
4.200000000000000000e+01 1.652747606994425479e+21 2.548321128599939187e+21 2.579218851011071836e+21
4.250000000000000000e+01 1.649974232060583215e+21 2.546808515961109348e+21 2.578690451540652589e+21
4.300000000000000000e+01 1.647228047380407910e+21 2.545304537673454060e+21 2.578163924434023875e+21
4.350000000000000000e+01 1.644508538486745727e+21 2.543809061715697467e+21 2.577639248717160645e+21
4.400000000000000000e+01 1.641815205716239581e+21 2.542321959523876602e+21 2.577116403835218690e+21
4.450000000000000000e+01 1.639147563629641466e+21 2.540843105862870368e+21 2.576595369640464482e+21
4.500000000000000000e+01 1.636505140460934398e+21 2.539372378704074244e+21 2.576076126380693127e+21
4.550000000000000000e+01 1.633887477593545376e+21 2.537909659108858921e+21 2.575558654688017514e+21
4.600000000000000000e+01 1.631294129062064685e+21 2.536454831117510377e+21 2.575042935568120414e+21
4.650000000000000000e+01 1.628724661077895807e+21 2.535007781643305353e+21 2.574528950389868855e+21
4.700000000000000000e+01 1.626178651577530450e+21 2.533568400371440157e+21 2.574016680875307041e+21
4.750000000000000000e+01 1.623655689792069042e+21 2.532136579662574256e+21 2.573506109090027799e+21
4.800000000000000000e+01 1.621155375836828271e+21 2.530712214460684567e+21 2.572997217433840779e+21
4.850000000000000000e+01 1.618677320319863882e+21 2.529295202205003416e+21 2.572489988631819190e+21
4.900000000000000000e+01 1.616221143968369869e+21 2.527885442745895485e+21 2.571984405725625975e+21
4.950000000000000000e+01 1.613786477271978344e+21 2.526482838264314593e+21 2.571480452065144603e+21
5.000000000000000000e+01 1.611372960141990167e+21 2.525087293194810425e+21 2.570978111300416569e+21
5.050000000000000000e+01 1.608980241585732583e+21 2.523698714151782187e+21 2.570477367373821116e+21
5.100000000000000000e+01 1.606607979395172794e+21 2.522317009858862776e+21 2.569978204512550126e+21
5.150000000000000000e+01 1.604255839849081995e+21 2.520942091081265185e+21 2.569480607221307933e+21
5.200000000000000000e+01 1.601923497427991790e+21 2.519573870560929645e+21 2.568984560275282199e+21
5.250000000000000000e+01 1.599610634541310411e+21 2.518212262954340450e+21 2.568490048713320301e+21
5.300000000000000000e+01 1.597316941265944707e+21 2.516857184772869325e+21 2.567997057831342703e+21
5.350000000000000000e+01 1.595042115095866900e+21 2.515508554325526839e+21 2.567505573175974429e+21
5.400000000000000000e+01 1.592785860702035509e+21 2.514166291664007594e+21 2.567015580538356892e+21
5.450000000000000000e+01 1.590547889702191497e+21 2.512830318529884979e+21 2.566527065948203516e+21
5.500000000000000000e+01 1.588327920440000905e+21 2.511500558303919866e+21 2.566040015667986432e+21
5.550000000000000000e+01 1.586125677773108019e+21 2.510176935957292909e+21 2.565554416187364868e+21
5.600000000000000000e+01 1.583940892869651595e+21 2.508859378004750500e+21 2.565070254217734652e+21
5.650000000000000000e+01 1.581773303012844110e+21 2.507547812459509711e+21 2.564587516686996341e+21
5.700000000000000000e+01 1.579622651413212692e+21 2.506242168789897052e+21 2.564106190734435025e+21
5.750000000000000000e+01 1.577488687028148371e+21 2.504942377877599420e+21 2.563626263705806176e+21
5.800000000000000000e+01 1.575371164388422058e+21 2.503648371977453830e+21 2.563147723148522160e+21
5.850000000000000000e+01 1.573269843431318618e+21 2.502360084678749192e+21 2.562670556807039549e+21
5.900000000000000000e+01 1.571184489340124791e+21 2.501077450867904872e+21 2.562194752618326131e+21
5.950000000000000000e+01 1.569114872389623611e+21 2.499800406692549100e+21 2.561720298707511411e+21
