# PWV zflux iflux rflux
0.000000000000000000e+00 4.444452247121983898e+19 1.758434045448200397e+19 1.773739925670274560e+18
5.000000000000000000e-01 4.346076498568710554e+19 1.753635848299904205e+19 1.772756814711366400e+18
1.000000000000000000e+00 4.277979471502147584e+19 1.749193360298008986e+19 1.771793203843490816e+18
1.500000000000000000e+00 4.222010113014838067e+19 1.745044968567041638e+19 1.770847219731890688e+18
2.000000000000000000e+00 4.173376478555120435e+19 1.741143249706279322e+19 1.769917308856421376e+18
2.500000000000000000e+00 4.129894114470699008e+19 1.737451212045746176e+19 1.769002171208005120e+18
3.000000000000000000e+00 4.090319070749259366e+19 1.733939616210572698e+19 1.768100708867659520e+18
3.500000000000000000e+00 4.053851272363375002e+19 1.730585048344225382e+19 1.767211985983572992e+18
4.000000000000000000e+00 4.019935400889470976e+19 1.727368522203918541e+19 1.766335197499842304e+18
4.500000000000000000e+00 3.988165436874474291e+19 1.724274455515673395e+19 1.765469644623091968e+18
5.000000000000000000e+00 3.958233043132742861e+19 1.721289913158489498e+19 1.764614715491467008e+18
5.500000000000000000e+00 3.929897163320651776e+19 1.718404042079153562e+19 1.763769869872641280e+18
6.000000000000000000e+00 3.902964944740062003e+19 1.715607645104981197e+19 1.762934626992126720e+18
6.500000000000000000e+00 3.877279167995493581e+19 1.712892856235992474e+19 1.762108555801949184e+18
7.000000000000000000e+00 3.852709635397638554e+19 1.710252890728099021e+19 1.761291267158627328e+18
7.500000000000000000e+00 3.829147080523831706e+19 1.707681850792105779e+19 1.760482407500619520e+18
8.000000000000000000e+00 3.806498744819005850e+19 1.705174573026236211e+19 1.759681653708072448e+18
8.500000000000000000e+00 3.784685091720042086e+19 1.702726507452751258e+19 1.758888708898689792e+18
9.000000000000000000e+00 3.763637318066730598e+19 1.700333620707876045e+19 1.758103298968020480e+18
9.500000000000000000e+00 3.743295437389672448e+19 1.697992317859378381e+19 1.757325169724444416e+18
1.000000000000000000e+01 3.723606781727214797e+19 1.695699378719777792e+19 1.756554084501514496e+18
1.050000000000000000e+01 3.704524815199836570e+19 1.693451905539337216e+19 1.755789822155297280e+18
1.100000000000000000e+01 3.686008183464818278e+19 1.691247279709544858e+19 1.755032175373862144e+18
1.150000000000000000e+01 3.668019944142517043e+19 1.689083125660513690e+19 1.754280949241130496e+18
1.200000000000000000e+01 3.650526937831451443e+19 1.686957280547936461e+19 1.753535960009109760e+18
1.250000000000000000e+01 3.633499269578483712e+19 1.684867768635264000e+19 1.752797034041778176e+18
1.300000000000000000e+01 3.616909878022005146e+19 1.682812779511517594e+19 1.752064006901140736e+18
1.350000000000000000e+01 3.600734174778573619e+19 1.680790649464401101e+19 1.751336722551667456e+18
1.400000000000000000e+01 3.584949740593462477e+19 1.678799845466280141e+19 1.750615032663888640e+18
1.450000000000000000e+01 3.569536067726626816e+19 1.676838951337398682e+19 1.749898796001476864e+18
1.500000000000000000e+01 3.554474340275316736e+19 1.674906655734113485e+19 1.749187877879006464e+18
1.550000000000000000e+01 3.539747245836693504e+19 1.673001741675510784e+19 1.748482149679910144e+18
1.600000000000000000e+01 3.525338813225741107e+19 1.671123077373584794e+19 1.747781488425904128e+18
1.650000000000000000e+01 3.511234271983768781e+19 1.669269608173591552e+19 1.747085776390752000e+18
1.700000000000000000e+01 3.497419930212498637e+19 1.667440349444307354e+19 1.746394900752303616e+18
1.750000000000000000e+01 3.483883067900449178e+19 1.665634380284643942e+19 1.745708753277841152e+18
1.800000000000000000e+01 3.470611843411011584e+19 1.663850837934852506e+19 1.745027230038479872e+18
1.850000000000000000e+01 3.457595211204093952e+19 1.662088912798233600e+19 1.744350231149053696e+18
1.900000000000000000e+01 3.444822849187987456e+19 1.660347843993814016e+19 1.743677660530464768e+18
1.950000000000000000e+01 3.432285094361108890e+19 1.658626915372483379e+19 1.743009425691882752e+18
2.000000000000000000e+01 3.419972885618058445e+19 1.656925451938997658e+19 1.742345437530601728e+18
2.050000000000000000e+01 3.407877712770348646e+19 1.655242816630574490e+19 1.741685610147622144e+18
2.100000000000000000e+01 3.395991570977221837e+19 1.653578407409733222e+19 1.741029860677313280e+18
2.150000000000000000e+01 3.384306919902089216e+19 1.651931654634842931e+19 1.740378109129717760e+18
2.200000000000000000e+01 3.372816647009966080e+19 1.650302018676788019e+19 1.739730278244249856e+18
2.250000000000000000e+01 3.361514034504807219e+19 1.648688987754315776e+19 1.739086293353684736e+18
2.300000000000000000e+01 3.350392729475666739e+19 1.647092075964155290e+19 1.738446082257487360e+18
2.350000000000000000e+01 3.339446716879550874e+19 1.645510821485068902e+19 1.737809575103611904e+18
2.400000000000000000e+01 3.328670295038780211e+19 1.643944784937516851e+19 1.737176704278049536e+18
2.450000000000000000e+01 3.318058053372946432e+19 1.642393547882920346e+19 1.736547404301423616e+18
2.500000000000000000e+01 3.307604852121642189e+19 1.640856711448353178e+19 1.735921611732069376e+18
2.550000000000000000e+01 3.297305803844918886e+19 1.639333895064201011e+19 1.735299265075043328e+18
2.600000000000000000e+01 3.287156256514811494e+19 1.637824735303727718e+19 1.734680304696592640e+18
2.650000000000000000e+01 3.277151778034035917e+19 1.636328884814775091e+19 1.734064672743678208e+18
2.700000000000000000e+01 3.267288142037442150e+19 1.634846011334867354e+19 1.733452313068121600e+18
2.750000000000000000e+01 3.257561314848849920e+19 1.633375796781990093e+19 1.732843171155077120e+18
2.800000000000000000e+01 3.247967443480472371e+19 1.631917936414092493e+19 1.732237194055474688e+18
2.850000000000000000e+01 3.238502844574971494e+19 1.630472138051154125e+19 1.731634330322170112e+18
2.900000000000000000e+01 3.229163994201276416e+19 1.629038121354258637e+19 1.731034529949533696e+18
2.950000000000000000e+01 3.219947518425046221e+19 1.627615617156685619e+19 1.730437744316244224e+18
3.000000000000000000e+01 3.210850184583152845e+19 1.626204366842574438e+19 1.729843926131059456e+18
3.050000000000000000e+01 3.201868893199052390e+19 1.624804121769097011e+19 1.729253029381387008e+18
3.100000000000000000e+01 3.193000670482502861e+19 1.623414642728531968e+19 1.728665009284449536e+18
3.150000000000000000e+01 3.184242661362841600e+19 1.622035699446938829e+19 1.728079822240892160e+18
3.200000000000000000e+01 3.175592123010221261e+19 1.620667070116471194e+19 1.727497425790674944e+18
3.250000000000000000e+01 3.167046418803711181e+19 1.619308540958623744e+19 1.726917778571107840e+18
3.300000000000000000e+01 3.158603012709174067e+19 1.617959905815980442e+19 1.726340840276888576e+18
3.350000000000000000e+01 3.150259464033449165e+19 1.616620965770236928e+19 1.725766571622046976e+18
3.400000000000000000e+01 3.142013422524547891e+19 1.615291528784481280e+19 1.725194934303650304e+18
3.450000000000000000e+01 3.133862623790349517e+19 1.613971409367880294e+19 1.724625890967192832e+18
3.500000000000000000e+01 3.125804885010943181e+19 1.612660428261108531e+19 1.724059405173561600e+18
3.550000000000000000e+01 3.117838100921903514e+19 1.611358412140973056e+19 1.723495441367491072e+18
3.600000000000000000e+01 3.109960240047887974e+19 1.610065193342835507e+19 1.722933964847419904e+18
3.650000000000000000e+01 3.102169341167813837e+19 1.608780609599547597e+19 1.722374941736671488e+18
3.700000000000000000e+01 3.094463509994389914e+19 1.607504503795723674e+19 1.721818338955902720e+18
3.750000000000000000e+01 3.086840916052414054e+19 1.606236723736259379e+19 1.721264124196723712e+18
3.800000000000000000e+01 3.079299789741434061e+19 1.604977121928134861e+19 1.720712265896449024e+18
3.850000000000000000e+01 3.071838419569700454e+19 1.603725555374541414e+19 1.720162733213917952e+18
3.900000000000000000e+01 3.064455149547326669e+19 1.602481885380542054e+19 1.719615496006313472e+18
3.950000000000000000e+01 3.057148376727642522e+19 1.601245977369460736e+19 1.719070524806944256e+18
4.000000000000000000e+01 3.049916548886553805e+19 1.600017700709298176e+19 1.718527790803935744e+18
4.050000000000000000e+01 3.042758162330577306e+19 1.598796928548512563e+19 1.717987265819787264e+18
4.100000000000000000e+01 3.035671759824950067e+19 1.597583537660560589e+19 1.717448922291737344e+18
4.150000000000000000e+01 3.028655928633870336e+19 1.596377408296636621e+19 1.716912733252921600e+18
4.200000000000000000e+01 3.021709298665521152e+19 1.595178424046081024e+19 1.716378672314268416e+18
4.250000000000000000e+01 3.014830540715179622e+19 1.593986471703984538e+19 1.715846713647095808e+18
4.300000000000000000e+01 3.008018364800069222e+19 1.592801441145545728e+19 1.715316831966385152e+18
4.350000000000000000e+01 3.001271518580246938e+19 1.591623225206739968e+19 1.714789002514691584e+18
4.400000000000000000e+01 2.994588785860098458e+19 1.590451719570956288e+19 1.714263201046674432e+18
4.450000000000000000e+01 2.987968985165501235e+19 1.589286822661213798e+19 1.713739403814193152e+18
4.500000000000000000e+01 2.981410968392047821e+19 1.588128435537622835e+19 1.713217587551973888e+18
4.550000000000000000e+01 2.974913619520016794e+19 1.586976461799806771e+19 1.712697729463802112e+18
4.600000000000000000e+01 2.968475853392117760e+19 1.585830807493973811e+19 1.712179807209209088e+18
4.650000000000000000e+01 2.962096614550322790e+19 1.584691381024369664e+19 1.711663798890664192e+18
4.700000000000000000e+01 2.955774876128310067e+19 1.583558093068881715e+19 1.711149683041211136e+18
4.750000000000000000e+01 2.949509638796304384e+19 1.582430856498523750e+19 1.710637438612550400e+18
4.800000000000000000e+01 2.943299929755354726e+19 1.581309586300631450e+19 1.710127044963547904e+18
4.850000000000000000e+01 2.937144801778173542e+19 1.580194199505505690e+19 1.709618481849148416e+18
4.900000000000000000e+01 2.931043332294037504e+19 1.579084615116372173e+19 1.709111729409669120e+18
4.950000000000000000e+01 2.924994622515189350e+19 1.577980754042425958e+19 1.708606768160470272e+18
5.000000000000000000e+01 2.918997796602542899e+19 1.576882539034839040e+19 1.708103578981971712e+18
5.050000000000000000e+01 2.913052000868530995e+19 1.575789894625527808e+19 1.707602143110025984e+18
5.100000000000000000e+01 2.907156403015075430e+19 1.574702747068571853e+19 1.707102442126601728e+18
5.150000000000000000e+01 2.901310191404832358e+19 1.573621024284136858e+19 1.706604457950781184e+18
5.200000000000000000e+01 2.895512574363933082e+19 1.572544655804746342e+19 1.706108172830070272e+18
5.250000000000000000e+01 2.889762779514611712e+19 1.571473572723812147e+19 1.705613569331979520e+18
5.300000000000000000e+01 2.884060053136105882e+19 1.570407707646302822e+19 1.705120630335890944e+18
5.350000000000000000e+01 2.878403659552444006e+19 1.569346994641422131e+19 1.704629339025185280e+18
5.400000000000000000e+01 2.872792880545712947e+19 1.568291369197216768e+19 1.704139678879636736e+18
5.450000000000000000e+01 2.867227014793528934e+19 1.567240768177017037e+19 1.703651633668026112e+18
5.500000000000000000e+01 2.861705377329509581e+19 1.566195129777606861e+19 1.703165187441010944e+18
5.550000000000000000e+01 2.856227299025603379e+19 1.565154393489051648e+19 1.702680324524220160e+18
5.600000000000000000e+01 2.850792126095209677e+19 1.564118500056095130e+19 1.702197029511552768e+18
5.650000000000000000e+01 2.845399219616053658e+19 1.563087391441062298e+19 1.701715287258698496e+18
5.700000000000000000e+01 2.840047955071918490e+19 1.562061010788177306e+19 1.701235082876848128e+18
5.750000000000000000e+01 2.834737721912263066e+19 1.561039302389249638e+19 1.700756401726605824e+18
5.800000000000000000e+01 2.829467923128937677e+19 1.560022211650655642e+19 1.700279229412090368e+18
5.850000000000000000e+01 2.824237974849162035e+19 1.559009685061551923e+19 1.699803551775197952e+18
5.900000000000000000e+01 2.819047305944014848e+19 1.558001670163269632e+19 1.699329354890063104e+18
5.950000000000000000e+01 2.813895357651730432e+19 1.556998115519840461e+19 1.698856625057658368e+18
