# PWV uflux gflux rflux iflux zflux yflux
0.000000000000000000e+00 9.638663131298183168e+18 2.302184379971065938e+20 4.387150830494704599e+20 4.412199185194220913e+20 3.423894016406483763e+20 2.011532580934750044e+20
5.000000000000000000e-01 9.638660145962293248e+18 2.302151558439986790e+20 4.386405199376642867e+20 4.404763733840606659e+20 3.407583328859474493e+20 1.949018738023822131e+20
1.000000000000000000e+00 9.638657160747425792e+18 2.302118749524746240e+20 4.385662643228347597e+20 4.397643559624576205e+20 3.393053598262633431e+20 1.906126407821190431e+20
1.500000000000000000e+00 9.638654175653578752e+18 2.302085953210747781e+20 4.384923123051140219e+20 4.390804849160497398e+20 3.379734462690402632e+20 1.871696578903472865e+20
2.000000000000000000e+00 9.638651190680735744e+18 2.302053169483418501e+20 4.384186600656534897e+20 4.384218678936188355e+20 3.367359967441730273e+20 1.842275558301554115e+20
2.500000000000000000e+00 9.638648205828896768e+18 2.302020398328212029e+20 4.383453038644424868e+20 4.377860201524266926e+20 3.355762548844878889e+20 1.816289196351928730e+20
3.000000000000000000e+00 9.638645221098045440e+18 2.301987639730609193e+20 4.382722400381960847e+20 4.371707978716906127e+20 3.344822867052956221e+20 1.792858885754724352e+20
3.500000000000000000e+00 9.638642236488175616e+18 2.301954893676113428e+20 4.381994649983065129e+20 4.365743433614797046e+20 3.334450447897615401e+20 1.771432529214703862e+20
4.000000000000000000e+00 9.638639251999281152e+18 2.301922160150258647e+20 4.381269752288587940e+20 4.359950399225846825e+20 3.324574075521816330e+20 1.751635002243962634e+20
4.500000000000000000e+00 9.638636267631351808e+18 2.301889439138600714e+20 4.380547672847078523e+20 4.354314745532824945e+20 3.315136253845601649e+20 1.733196854020850647e+20
5.000000000000000000e+00 9.638633283384369152e+18 2.301856730626722038e+20 4.379828377896134246e+20 4.348824070503776911e+20 3.306089687863237673e+20 1.715916334096832266e+20
5.500000000000000000e+00 9.638630299258341376e+18 2.301824034600231240e+20 4.379111834344329708e+20 4.343467443328242156e+20 3.297394896797692068e+20 1.699637451573164114e+20
6.000000000000000000e+00 9.638627315253248000e+18 2.301791351044761846e+20 4.378398009753697649e+20 4.338235190410575872e+20 3.289018519635665879e+20 1.684236473810941051e+20
6.500000000000000000e+00 9.638624331369080832e+18 2.301758679945974252e+20 4.377686872322738749e+20 4.333118716453976801e+20 3.280932072065368064e+20 1.669613191327859999e+20
7.000000000000000000e+00 9.638621347605837824e+18 2.301726021289552118e+20 4.376978390869948498e+20 4.328110354415783772e+20 3.273111011751544750e+20 1.655685031301787812e+20
7.500000000000000000e+00 9.638618363963498496e+18 2.301693375061206303e+20 4.376272534817836892e+20 4.323203239277993001e+20 3.265534021672520909e+20 1.642382954722954117e+20
8.000000000000000000e+00 9.638615380442062848e+18 2.301660741246671913e+20 4.375569274177444905e+20 4.318391201514209280e+20 3.258182451840463012e+20 1.629648514551411835e+20
8.500000000000000000e+00 9.638612397041524736e+18 2.301628119831709942e+20 4.374868579533315768e+20 4.313668676890331054e+20 3.251039878513904189e+20 1.617431694763748557e+20
9.000000000000000000e+00 9.638609413761865728e+18 2.301595510802105958e+20 4.374170422028909937e+20 4.309030629847477125e+20 3.244091752088052040e+20 1.605689289557276426e+20
9.500000000000000000e+00 9.638606430603083776e+18 2.301562914143672074e+20 4.373474773352474214e+20 4.304472488210631885e+20 3.237325112896857047e+20 1.594383665375175311e+20
1.000000000000000000e+01 9.638603447565164544e+18 2.301530329842243011e+20 4.372781605723315241e+20 4.299990087367997522e+20 3.230728359682302935e+20 1.583481800072965652e+20
1.050000000000000000e+01 9.638600464648103936e+18 2.301497757883681997e+20 4.372090891878493061e+20 4.295579622392521687e+20 3.224291059364351836e+20 1.572954526522849690e+20
1.100000000000000000e+01 9.638597481851891712e+18 2.301465198253873562e+20 4.371402605059900047e+20 4.291237606842976174e+20 3.218003789522084168e+20 1.562775929567125176e+20
1.150000000000000000e+01 9.638594499176519680e+18 2.301432650938728776e+20 4.370716719001719276e+20 4.286960837198954496e+20 3.211858007018291855e+20 1.552922859734818161e+20
1.200000000000000000e+01 9.638591516621977600e+18 2.301400115924185907e+20 4.370033207918267597e+20 4.282746362061774520e+20 3.205845937692582216e+20 1.543374537072165519e+20
1.250000000000000000e+01 9.638588534188255232e+18 2.301367593196203868e+20 4.369352046492176876e+20 4.278591455398752420e+20 3.199960483163963392e+20 1.534112225374657249e+20
1.300000000000000000e+01 9.638585551875348480e+18 2.301335082740769423e+20 4.368673209862931087e+20 4.274493593227908219e+20 3.194195141627398717e+20 1.525118962034466488e+20
1.350000000000000000e+01 9.638582569683240960e+18 2.301302584543892603e+20 4.367996673615731753e+20 4.270450433238640886e+20 3.188543940172820644e+20 1.516379332269976125e+20
1.400000000000000000e+01 9.638579587611928576e+18 2.301270098591608013e+20 4.367322413770695639e+20 4.266459796925153280e+20 3.183001376651227300e+20 1.507879279103075287e+20
1.450000000000000000e+01 9.638576605661405184e+18 2.301237624869976474e+20 4.366650406772351304e+20 4.262519653876633436e+20 3.177562369497929482e+20 1.499605942376037745e+20
1.500000000000000000e+01 9.638573623831656448e+18 2.301205163365081416e+20 4.365980629479455457e+20 4.258628107923985531e+20 3.172222214224840622e+20 1.491547521544575713e+20
1.550000000000000000e+01 9.638570642122676224e+18 2.301172714063032812e+20 4.365313059155085230e+20 4.254783384889196544e+20 3.166976545531755889e+20 1.483693158079373640e+20
1.600000000000000000e+01 9.638567660534456320e+18 2.301140276949962260e+20 4.364647673457025352e+20 4.250983821722055475e+20 3.161821304175563899e+20 1.476032834148099031e+20
1.650000000000000000e+01 9.638564679066984448e+18 2.301107852012028232e+20 4.363984450428431237e+20 4.247227856841209283e+20 3.156752707887444787e+20 1.468557284899459564e+20
1.700000000000000000e+01 9.638561697720254464e+18 2.301075439235414426e+20 4.363323368488747008e+20 4.243514021523529400e+20 3.151767225749567570e+20 1.461257922177909555e+20
1.750000000000000000e+01 9.638558716494258176e+18 2.301043038606323876e+20 4.362664406424889590e+20 4.239840932208432251e+20 3.146861555541053932e+20 1.454126767896671027e+20
1.800000000000000000e+01 9.638555735388985344e+18 2.301010650110989763e+20 4.362007543382683156e+20 4.236207283602879939e+20 3.142032603642857390e+20 1.447156395613235773e+20
1.850000000000000000e+01 9.638552754404425728e+18 2.300978273735665254e+20 4.361352758858526884e+20 4.232611842488885576e+20 3.137277467156523254e+20 1.440339879104378470e+20
1.900000000000000000e+01 9.638549773540573184e+18 2.300945909466630062e+20 4.360700032691305185e+20 4.229053442148930683e+20 3.132593417945413714e+20 1.433670746941113795e+20
1.950000000000000000e+01 9.638546792797415424e+18 2.300913557290187162e+20 4.360049345054520771e+20 4.225530977336289526e+20 3.127977888351297208e+20 1.427142942228652687e+20
2.000000000000000000e+01 9.638543812174948352e+18 2.300881217192663122e+20 4.359400676448640696e+20 4.222043399726983414e+20 3.123428458375852851e+20 1.420750786810514309e+20
2.050000000000000000e+01 9.638540831673157632e+18 2.300848889160408760e+20 4.358754007693669171e+20 4.218589713798536888e+20 3.118942844147299779e+20 1.414488949345710244e+20
2.100000000000000000e+01 9.638537851292041216e+18 2.300816573179800781e+20 4.358109319921912381e+20 4.215168973087743017e+20 3.114518887517808886e+20 1.408352416758359982e+20
2.150000000000000000e+01 9.638534871031582720e+18 2.300784269237235548e+20 4.357466594570949755e+20 4.211780276785831608e+20 3.110154546658941338e+20 1.402336468633857229e+20
2.200000000000000000e+01 9.638531890891778048e+18 2.300751977319137280e+20 4.356825813376797901e+20 4.208422766634629857e+20 3.105847887540347208e+20 1.396436654197910733e+20
2.250000000000000000e+01 9.638528910872614912e+18 2.300719697411952148e+20 4.356186958367250842e+20 4.205095624091802665e+20 3.101597076192327762e+20 1.390648771566716355e+20
2.300000000000000000e+01 9.638525930974087168e+18 2.300687429502149591e+20 4.355550011855431270e+20 4.201798067737219564e+20 3.097400371665809572e+20 1.384968849000056914e+20
2.350000000000000000e+01 9.638522951196184576e+18 2.300655173576224276e+20 4.354914956433472225e+20 4.198529350895723479e+20 3.093256119614403379e+20 1.379393127925835530e+20
2.400000000000000000e+01 9.638519971538903040e+18 2.300622929620693484e+20 4.354281774966418309e+20 4.195288759454627922e+20 3.089162746432617185e+20 1.373918047535517696e+20
2.450000000000000000e+01 9.638516992002226176e+18 2.300590697622098084e+20 4.353650450586250772e+20 4.192075609856673710e+20 3.085118753892448338e+20 1.368540230776304927e+20
2.500000000000000000e+01 9.638514012586149888e+18 2.300558477567001887e+20 4.353020966686097408e+20 4.188889247251460915e+20 3.081122714227584532e+20 1.363256471588241572e+20
2.550000000000000000e+01 9.638511033290661888e+18 2.300526269441994260e+20 4.352393306914587279e+20 4.185729043790202798e+20 3.077173265620369408e+20 1.358063723253606318e+20
2.600000000000000000e+01 9.638508054115756032e+18 2.300494073233685217e+20 4.351767455170360771e+20 4.182594397050407485e+20 3.073269108052022395e+20 1.352959087742354883e+20
2.650000000000000000e+01 9.638505075061422080e+18 2.300461888928710656e+20 4.351143395596723814e+20 4.179484728578477261e+20 3.069408999481017631e+20 1.347939805951476531e+20
2.700000000000000000e+01 9.638502096127653888e+18 2.300429716513728102e+20 4.350521112576439091e+20 4.176399482539565384e+20 3.065591752318542807e+20 1.343003248748297912e+20
2.750000000000000000e+01 9.638499117314439168e+18 2.300397555975419658e+20 4.349900590726663373e+20 4.173338124465089413e+20 3.061816230173310321e+20 1.338146908738298020e+20
2.800000000000000000e+01 9.638496138621769728e+18 2.300365407300489052e+20 4.349281814894011351e+20 4.170300140089371525e+20 3.058081344841092956e+20 1.333368392687112028e+20
2.850000000000000000e+01 9.638493160049637376e+18 2.300333270475663606e+20 4.348664770149742019e+20 4.167285034267693548e+20 3.054386053516868321e+20 1.328665414534343229e+20
2.900000000000000000e+01 9.638490181598033920e+18 2.300301145487696200e+20 4.348049441785095782e+20 4.164292329968840868e+20 3.050729356209877811e+20 1.324035788943729787e+20
2.950000000000000000e+01 9.638487203266951168e+18 2.300269032323358720e+20 4.347435815306717430e+20 4.161321567335928955e+20 3.047110293343880479e+20 1.319477425340243313e+20
3.000000000000000000e+01 9.638484225056378880e+18 2.300236930969448612e+20 4.346823876432228516e+20 4.158372302809874432e+20 3.043527943526672630e+20 1.314988322390004531e+20
3.050000000000000000e+01 9.638481246966304768e+18 2.300204841412786586e+20 4.346213611085888881e+20 4.155444108310427730e+20 3.039981421474588918e+20 1.310566562883557130e+20
3.100000000000000000e+01 9.638478268996726784e+18 2.300172763640214979e+20 4.345605005394388582e+20 4.152536570470187663e+20 3.036469876079042888e+20 1.306210308987119698e+20
3.150000000000000000e+01 9.638475291147628544e+18 2.300140697638599721e+20 4.344998045682740101e+20 4.149649289917422633e+20 3.032992488603461222e+20 1.301917797830064374e+20
3.200000000000000000e+01 9.638472313419008000e+18 2.300108643394828370e+20 4.344392718470266880e+20 4.146781880603883602e+20 3.029548471000061051e+20 1.297687337400051794e+20
3.250000000000000000e+01 9.638469335810850816e+18 2.300076600895813714e+20 4.343789010466711142e+20 4.143933969174245540e+20 3.026137064336915825e+20 1.293517302720073564e+20
3.300000000000000000e+01 9.638466358323156992e+18 2.300044570128488530e+20 4.343186908568418386e+20 4.141105194373954273e+20 3.022757537326632141e+20 1.289406132284181381e+20
3.350000000000000000e+01 9.638463380955906048e+18 2.300012551079810171e+20 4.342586399854637875e+20 4.138295206492695429e+20 3.019409184948777124e+20 1.285352324730887537e+20
3.400000000000000000e+01 9.638460403709095936e+18 2.299980543736756961e+20 4.341987471583905055e+20 4.135503666840841093e+20 3.016091327158863135e+20 1.281354435735222518e+20
3.450000000000000000e+01 9.638457426582716416e+18 2.299948548086332457e+20 4.341390111190511780e+20 4.132730247256507679e+20 3.012803307677384704e+20 1.277411075102207017e+20
3.500000000000000000e+01 9.638454449576759296e+18 2.299916564115560202e+20 4.340794306281074852e+20 4.129974629641042657e+20 3.009544492852941947e+20 1.273520904046071644e+20
3.550000000000000000e+01 9.638451472691216384e+18 2.299884591811487007e+20 4.340200044631174021e+20 4.127236505520933437e+20 3.006314270593987379e+20 1.269682632640985170e+20
3.600000000000000000e+01 9.638448495926075392e+18 2.299852631161182618e+20 4.339607314182091571e+20 4.124515575634323702e+20 3.003112049364261929e+20 1.265895017430315991e+20
3.650000000000000000e+01 9.638445519281330176e+18 2.299820682151738081e+20 4.339016103037612196e+20 4.121811549540433920e+20 2.999937257237317550e+20 1.262156859182600192e+20
3.700000000000000000e+01 9.638442542756968448e+18 2.299788744770268037e+20 4.338426399460915282e+20 4.119124145250355773e+20 2.996789341005983252e+20 1.258467000783415706e+20
3.750000000000000000e+01 9.638439566352988160e+18 2.299756819003908096e+20 4.337838191871537971e+20 4.116453088877779354e+20 2.993667765342911201e+20 1.254824325253284332e+20
3.800000000000000000e+01 9.638436590069374976e+18 2.299724904839817789e+20 4.337251468842410312e+20 4.113798114308353556e+20 2.990572012008703263e+20 1.251227753882563543e+20
3.850000000000000000e+01 9.638433613906120704e+18 2.299693002265176637e+20 4.336666219096964465e+20 4.111158962886454149e+20 2.987501579104368722e+20 1.247676244475045806e+20
3.900000000000000000e+01 9.638430637863221248e+18 2.299661111267189064e+20 4.336082431506309448e+20 4.108535383118260470e+20 2.984455980365117522e+20 1.244168789692658319e+20
3.950000000000000000e+01 9.638427661940660224e+18 2.299629231833078170e+20 4.335500095086473380e+20 4.105927130390081044e+20 2.981434744492759450e+20 1.240704415494286868e+20
4.000000000000000000e+01 9.638424686138431488e+18 2.299597363950092943e+20 4.334919198995721093e+20 4.103333966700986368e+20 2.978437414524159918e+20 1.237282179662297334e+20
4.050000000000000000e+01 9.638421710456528896e+18 2.299565507605500723e+20 4.334339732531927450e+20 4.100755660408874598e+20 2.975463547233400914e+20 1.233901170410848420e+20
4.100000000000000000e+01 9.638418734894942208e+18 2.299533662786594079e+20 4.333761685130002432e+20 4.098191985989107057e+20 2.972512712565509980e+20 1.230560505070541865e+20
4.150000000000000000e+01 9.638415759453661184e+18 2.299501829480684913e+20 4.333185046359397499e+20 4.095642723804997878e+20 2.969584493099715789e+20 1.227259328844394168e+20
4.200000000000000000e+01 9.638412784132679680e+18 2.299470007675108393e+20 4.332609805921659126e+20 4.093107659889422500e+20 2.966678483540405125e+20 1.223996813630478746e+20
4.250000000000000000e+01 9.638409808931983360e+18 2.299438197357220004e+20 4.332035953648034120e+20 4.090586585736888320e+20 2.963794290234040648e+20 1.220772156906964091e+20
4.300000000000000000e+01 9.638406833851570176e+18 2.299406398514400133e+20 4.331463479497144402e+20 4.088079298105463931e+20 2.960931530710460662e+20 1.217584580675565322e+20
4.350000000000000000e+01 9.638403858891427840e+18 2.299374611134046536e+20 4.330892373552701112e+20 4.085585598827979735e+20 2.958089833247063409e+20 1.214433330459746304e+20
4.400000000000000000e+01 9.638400884051546112e+18 2.299342835203582198e+20 4.330322626021281628e+20 4.083105294632005140e+20 2.955268836454514033e+20 1.211317674354264965e+20
4.450000000000000000e+01 9.638397909331920896e+18 2.299311070710450422e+20 4.329754227230150492e+20 4.080638196968056422e+20 2.952468188882676613e+20 1.208236902122899210e+20
4.500000000000000000e+01 9.638394934732537856e+18 2.299279317642116137e+20 4.329187167625138668e+20 4.078184121845603369e+20 2.949687548645604721e+20 1.205190324341428716e+20
4.550000000000000000e+01 9.638391960253394944e+18 2.299247575986065900e+20 4.328621437768556216e+20 4.075742889676448727e+20 2.946926583064446894e+20 1.202177271583142216e+20
4.600000000000000000e+01 9.638388985894471680e+18 2.299215845729806909e+20 4.328057028337171169e+20 4.073314325125044634e+20 2.944184968327276462e+20 1.199197093644335841e+20
4.650000000000000000e+01 9.638386011655770112e+18 2.299184126860868977e+20 4.327493930120213955e+20 4.070898256965418353e+20 2.941462389164833505e+20 1.196249158807455007e+20
4.700000000000000000e+01 9.638383037537277952e+18 2.299152419366802555e+20 4.326932134017446707e+20 4.068494517944275436e+20 2.938758538541316178e+20 1.193332853139669484e+20
4.750000000000000000e+01 9.638380063538989056e+18 2.299120723235181036e+20 4.326371631037253550e+20 4.066102944650053550e+20 2.936073117359358280e+20 1.190447579824844964e+20
4.800000000000000000e+01 9.638377089660889088e+18 2.299089038453596488e+20 4.325812412294799032e+20 4.063723377387516068e+20 2.933405834178419753e+20 1.187592758526998774e+20
4.850000000000000000e+01 9.638374115902971904e+18 2.299057365009663918e+20 4.325254469010198364e+20 4.061355660057659310e+20 2.930756404945846272e+20 1.184767824783456829e+20
4.900000000000000000e+01 9.638371142265227264e+18 2.299025702891018977e+20 4.324697792506750566e+20 4.058999640042627400e+20 2.928124552739905208e+20 1.181972229426049516e+20
4.950000000000000000e+01 9.638368168747651072e+18 2.298994052085319270e+20 4.324142374209205043e+20 4.056655168095405998e+20 2.925510007524178330e+20 1.179205438028786729e+20
5.000000000000000000e+01 9.638365195350228992e+18 2.298962412580243702e+20 4.323588205642057646e+20 4.054322098234010501e+20 2.922912505912671273e+20 1.176466930380561940e+20
5.050000000000000000e+01 9.638362222072958976e+18 2.298930784363489853e+20 4.323035278427888681e+20 4.052000287640006164e+20 2.920331790945092895e+20 1.173756199981515407e+20
5.100000000000000000e+01 9.638359248915822592e+18 2.298899167422778573e+20 4.322483584285744824e+20 4.049689596561063281e+20 2.917767611871785779e+20 1.171072753561789891e+20
5.150000000000000000e+01 9.638356275878815744e+18 2.298867561745851351e+20 4.321933115029538734e+20 4.047389888217435341e+20 2.915219723947773460e+20 1.168416110621474324e+20
5.200000000000000000e+01 9.638353302961928192e+18 2.298835967320471634e+20 4.321383862566504366e+20 4.045101028712096072e+20 2.912687888235487560e+20 1.165785802990620672e+20
5.250000000000000000e+01 9.638350330165157888e+18 2.298804384134420562e+20 4.320835818895660155e+20 4.042822886944408207e+20 2.910171871415718707e+20 1.163181374408275231e+20
5.300000000000000000e+01 9.638347357488488448e+18 2.298772812175502213e+20 4.320288976106325934e+20 4.040555334527135252e+20 2.907671445606377718e+20 1.160602380119544300e+20
5.350000000000000000e+01 9.638344384931915776e+18 2.298741251431543603e+20 4.319743326376670003e+20 4.038298245706619945e+20 2.905186388188681339e+20 1.158048386489756221e+20
5.400000000000000000e+01 9.638341412495425536e+18 2.298709701890387804e+20 4.319198861972260782e+20 4.036051497286025216e+20 2.902716481640389018e+20 1.155518970634859151e+20
5.450000000000000000e+01 9.638338440179013632e+18 2.298678163539902136e+20 4.318655575244691210e+20 4.033814968551448904e+20 2.900261513375749898e+20 1.153013720067219784e+20
5.500000000000000000e+01 9.638335467982667776e+18 2.298646636367973581e+20 4.318113458630187418e+20 4.031588541200815227e+20 2.897821275591829094e+20 1.150532232356062167e+20
5.550000000000000000e+01 9.638332495906383872e+18 2.298615120362509435e+20 4.317572504648288174e+20 4.029372099275380490e+20 2.895395565120912753e+20 1.148074114801817682e+20
5.600000000000000000e+01 9.638329523950149632e+18 2.298583615511438295e+20 4.317032705900512543e+20 4.027165529093781586e+20 2.892984183288687165e+20 1.145638984123691991e+20
5.650000000000000000e+01 9.638326552113954816e+18 2.298552121802708746e+20 4.316494055069088481e+20 4.024968719188456243e+20 2.890586935777936015e+20 1.143226466159815393e+20
5.700000000000000000e+01 9.638323580397793280e+18 2.298520639224289690e+20 4.315956544915680788e+20 4.022781560244377354e+20 2.888203632497484759e+20 1.140836195579359560e+20
5.750000000000000000e+01 9.638320608801656832e+18 2.298489167764170670e+20 4.315420168280162959e+20 4.020603945039978168e+20 2.885834087456148685e+20 1.138467815606048358e+20
5.800000000000000000e+01 9.638317637325535232e+18 2.298457707410362532e+20 4.314884918079409357e+20 4.018435768390164808e+20 2.883478118641452974e+20 1.136120977752521769e+20
5.850000000000000000e+01 9.638314665969418240e+18 2.298426258150894469e+20 4.314350787306107044e+20 4.016276927091348603e+20 2.881135547902915379e+20 1.133795341565037609e+20
5.900000000000000000e+01 9.638311694733301760e+18 2.298394819973818614e+20 4.313817769027588588e+20 4.014127319868382249e+20 2.878806200839671316e+20 1.131490574378028237e+20
5.950000000000000000e+01 9.638308723617171456e+18 2.298363392867205775e+20 4.313285856384708772e+20 4.011986847323342766e+20 2.876489906692247388e+20 1.129206351078056755e+20
6.000000000000000000e+01 9.638305752621023232e+18 2.298331976819146752e+20 4.312755042590717379e+20 4.009855411886080000e+20 2.874186498238311301e+20 1.126942353876735099e+20
6.050000000000000000e+01 9.638302781744844800e+18 2.298300571817753313e+20 4.312225320930168668e+20 4.007732917766425149e+20 2.871895811692201247e+20 1.124698272092197192e+20
6.100000000000000000e+01 9.638299810988623872e+18 2.298269177851157217e+20 4.311696684757855764e+20 4.005619270908050145e+20 2.869617686608085320e+20 1.122473801938742804e+20
6.150000000000000000e+01 9.638296840352360448e+18 2.298237794907510211e+20 4.311169127497748972e+20 4.003514378943839601e+20 2.867351965786583204e+20 1.120268646324274299e+20
6.200000000000000000e+01 9.638293869836044288e+18 2.298206422974983373e+20 4.310642642641976689e+20 4.001418151152775987e+20 2.865098495184698737e+20 1.118082514655191204e+20
6.250000000000000000e+01 9.638290899439659008e+18 2.298175062041769738e+20 4.310117223749810913e+20 3.999330498418225316e+20 2.862857123828938179e+20 1.115915122648403804e+20
6.300000000000000000e+01 9.638287929163202560e+18 2.298143712096081347e+20 4.309592864446676992e+20 3.997251333187608904e+20 2.860627703731444777e+20 1.113766192150156083e+20
6.350000000000000000e+01 9.638284959006666752e+18 2.298112373126148588e+20 4.309069558423181722e+20 3.995180569433370788e+20 2.858410089809060823e+20 1.111635450961359503e+20
6.400000000000000000e+01 9.638281988970039296e+18 2.298081045120223150e+20 4.308547299434166354e+20 3.993118122615213916e+20 2.856204139805163192e+20 1.109522632669158605e+20
6.450000000000000000e+01 9.638279019053307904e+18 2.298049728066578678e+20 4.308026081297761567e+20 3.991063909643542856e+20 2.854009714214175375e+20 1.107427476484459889e+20
6.500000000000000000e+01 9.638276049256470528e+18 2.298018421953505853e+20 4.307505897894486344e+20 3.989017848844066488e+20 2.851826676208637051e+20 1.105349727085165773e+20
6.550000000000000000e+01 9.638273079579516928e+18 2.297987126769313710e+20 4.306986743166337679e+20 3.986979859923525304e+20 2.849654891568722412e+20 1.103289134464882442e+20
6.600000000000000000e+01 9.638270110022434816e+18 2.297955842502334874e+20 4.306468611115905843e+20 3.984949863936477102e+20 2.847494228614127288e+20 1.101245453786857472e+20
6.650000000000000000e+01 9.638267140585222144e+18 2.297924569140919665e+20 4.305951495805524378e+20 3.982927783253131264e+20 2.845344558138192691e+20 1.099218445242944061e+20
6.700000000000000000e+01 9.638264171267862528e+18 2.297893306673438720e+20 4.305435391356405023e+20 3.980913541528169349e+20 2.843205753344221184e+20 1.097207873917372170e+20
6.750000000000000000e+01 9.638261202070349824e+18 2.297862055088281682e+20 4.304920291947815895e+20 3.978907063670517924e+20 2.841077689783854367e+20 1.095213509655137485e+20
6.800000000000000000e+01 9.638258232992677888e+18 2.297830814373857526e+20 4.304406191816251802e+20 3.976908275814044140e+20 2.838960245297461002e+20 1.093235126934813737e+20
6.850000000000000000e+01 9.638255264034834432e+18 2.297799584518594888e+20 4.303893085254646497e+20 3.974917105289143255e+20 2.836853299956442071e+20 1.091272504745612411e+20
6.900000000000000000e+01 9.638252295196813312e+18 2.297768365510943048e+20 4.303380966611574456e+20 3.972933480595163709e+20 2.834756736007383286e+20 1.089325426468523049e+20
6.950000000000000000e+01 9.638249326478604288e+18 2.297737157339369636e+20 4.302869830290474271e+20 3.970957331373669745e+20 2.832670437817974456e+20 1.087393679761358848e+20
7.000000000000000000e+01 9.638246357880199168e+18 2.297705959992360960e+20 4.302359670748901540e+20 3.968988588382481285e+20 2.830594291824645898e+20 1.085477056447569920e+20
7.050000000000000000e+01 9.638243389401585664e+18 2.297674773458425283e+20 4.301850482497774551e+20 3.967027183470492385e+20 2.828528186481837015e+20 1.083575352408659395e+20
7.100000000000000000e+01 9.638240421042761728e+18 2.297643597726086922e+20 4.301342260100644864e+20 3.965073049553204675e+20 2.826472012212843315e+20 1.081688367480074568e+20
7.150000000000000000e+01 9.638237452803715072e+18 2.297612432783892152e+20 4.300834998172975104e+20 3.963126120588992184e+20 2.824425661362189107e+20 1.079815905350430720e+20
7.200000000000000000e+01 9.638234484684435456e+18 2.297581278620405268e+20 4.300328691381441004e+20 3.961186331556030710e+20 2.822389028149448212e+20 1.077957773463940628e+20
7.250000000000000000e+01 9.638231516684914688e+18 2.297550135224209244e+20 4.299823334443226235e+20 3.959253618429896294e+20 2.820362008624491069e+20 1.076113782925928694e+20
7.300000000000000000e+01 9.638228548805146624e+18 2.297519002583907369e+20 4.299318922125353943e+20 3.957327918161804657e+20 2.818344500624070738e+20 1.074283748411311063e+20
7.350000000000000000e+01 9.638225581045121024e+18 2.297487880688121610e+20 4.298815449244007793e+20 3.955409168657448305e+20 2.816336403729721590e+20 1.072467488075930993e+20
7.400000000000000000e+01 9.638222613404821504e+18 2.297456769525492941e+20 4.298312910663882506e+20 3.953497308756454277e+20 2.814337619226913997e+20 1.070664823470638531e+20
7.450000000000000000e+01 9.638219645884254208e+18 2.297425669084681011e+20 4.297811301297531781e+20 3.951592278212377969e+20 2.812348050065426350e+20 1.068875579458019000e+20
7.500000000000000000e+01 9.638216678483400704e+18 2.297394579354365460e+20 4.297310616104736522e+20 3.949694017673291366e+20 2.810367600820878377e+20 1.067099584131664118e+20
7.550000000000000000e+01 9.638213711202252800e+18 2.297363500323243950e+20 4.296810850091882250e+20 3.947802468662873293e+20 2.808396177657399214e+20 1.065336668737901199e+20
7.600000000000000000e+01 9.638210744040804352e+18 2.297332431980033147e+20 4.296311998311345684e+20 3.945917573562027213e+20 2.806433688291373875e+20 1.063586667599879700e+20
7.650000000000000000e+01 9.638207776999047168e+18 2.297301374313469379e+20 4.295814055860895744e+20 3.944039275591010222e+20 2.804480041956247470e+20 1.061849418043941028e+20
7.700000000000000000e+01 9.638204810076964864e+18 2.297270327312306012e+20 4.295317017883095859e+20 3.942167518792017510e+20 2.802535149368336056e+20 1.060124760328181187e+20
7.750000000000000000e+01 9.638201843274557440e+18 2.297239290965318369e+20 4.294820879564728566e+20 3.940302248012266209e+20 2.800598922693612995e+20 1.058412537573129748e+20
7.800000000000000000e+01 9.638198876591810560e+18 2.297208265261297172e+20 4.294325636136217477e+20 3.938443408887507190e+20 2.798671275515441971e+20 1.056712595694471905e+20
7.850000000000000000e+01 9.638195910028720128e+18 2.297177250189053133e+20 4.293831282871075471e+20 3.936590947825977917e+20 2.796752122803221955e+20 1.055024783337737421e+20
7.900000000000000000e+01 9.638192943585273856e+18 2.297146245737416950e+20 4.293337815085340426e+20 3.934744811992787190e+20 2.794841380881901486e+20 1.053348951814892257e+20
7.950000000000000000e+01 9.638189977261463552e+18 2.297115251895237018e+20 4.292845228137042412e+20 3.932904949294693745e+20 2.792938967402355425e+20 1.051684955042760786e+20
8.000000000000000000e+01 9.638187011057281024e+18 2.297084268651378442e+20 4.292353517425660396e+20 3.931071308365304300e+20 2.791044801312571720e+20 1.050032649483219108e+20
8.050000000000000000e+01 9.638184044972716032e+18 2.297053295994727956e+20 4.291862678391606477e+20 3.929243838550620242e+20 2.789158802829640335e+20 1.048391894085096735e+20
8.100000000000000000e+01 9.638181079007764480e+18 2.297022333914188022e+20 4.291372706515700941e+20 3.927422489894988677e+20 2.787280893412499456e+20 1.046762550227727974e+20
8.150000000000000000e+01 9.638178113162412032e+18 2.296991382398682726e+20 4.290883597318673531e+20 3.925607213127396229e+20 2.785410995735432724e+20 1.045144481666097316e+20
8.200000000000000000e+01 9.638175147436656640e+18 2.296960441437151887e+20 4.290395346360654889e+20 3.923797959648114115e+20 2.783549033662274929e+20 1.043537554477523436e+20
8.250000000000000000e+01 9.638172181830479872e+18 2.296929511018554655e+20 4.289907949240691589e+20 3.921994681515673518e+20 2.781694932221314990e+20 1.041941637009831854e+20
8.300000000000000000e+01 9.638169216343879680e+18 2.296898591131869839e+20 4.289421401596259205e+20 3.920197331434186998e+20 2.779848617580874957e+20 1.040356599830965617e+20
8.350000000000000000e+01 9.638166250976843776e+18 2.296867681766090998e+20 4.288935699102790451e+20 3.918405862740966113e+20 2.778010017025522729e+20 1.038782315679984026e+20
8.400000000000000000e+01 9.638163285729368064e+18 2.296836782910234952e+20 4.288450837473207255e+20 3.916620229394452316e+20 2.776179058932931953e+20 1.037218659419407974e+20
8.450000000000000000e+01 9.638160320601440256e+18 2.296805894553332941e+20 4.287966812457452175e+20 3.914840385962457825e+20 2.774355672751335997e+20 1.035665507988861911e+20
8.500000000000000000e+01 9.638157355593052160e+18 2.296775016684435210e+20 4.287483619842053898e+20 3.913066287610675855e+20 2.772539788977577984e+20 1.034122740359975076e+20
8.550000000000000000e+01 9.638154390704195584e+18 2.296744149292610683e+20 4.287001255449661276e+20 3.911297890091485757e+20 2.770731339135727370e+20 1.032590237492499251e+20
8.600000000000000000e+01 9.638151425934860288e+18 2.296713292366946959e+20 4.286519715138619965e+20 3.909535149733026202e+20 2.768930255756248351e+20 1.031067882291600261e+20
8.650000000000000000e+01 9.638148461285036032e+18 2.296682445896548352e+20 4.286038994802532024e+20 3.907778023428522639e+20 2.767136472355707617e+20 1.029555559566291927e+20
8.700000000000000000e+01 9.638145496754718720e+18 2.296651609870539489e+20 4.285559090369838449e+20 3.906026468625887396e+20 2.765349923416996905e+20 1.028053155988970045e+20
8.750000000000000000e+01 9.638142532343898112e+18 2.296620784278059745e+20 4.285079997803393843e+20 3.904280443317558968e+20 2.763570544370057544e+20 1.026560560056015094e+20
8.800000000000000000e+01 9.638139568052566016e+18 2.296589969108268810e+20 4.284601713100065997e+20 3.902539906030576599e+20 2.761798271573091942e+20 1.025077662049428439e+20
8.850000000000000000e+01 9.638136603880712192e+18 2.296559164350344724e+20 4.284124232290317763e+20 3.900804815816899297e+20 2.760033042294249226e+20 1.023604353999467807e+20
8.900000000000000000e+01 9.638133639828326400e+18 2.296528369993481585e+20 4.283647551437816463e+20 3.899075132243951616e+20 2.758274794693768643e+20 1.022140529648256778e+20
8.950000000000000000e+01 9.638130675895400448e+18 2.296497586026892493e+20 4.283171666639043297e+20 3.897350815385381110e+20 2.756523467806560092e+20 1.020686084414328668e+20
9.000000000000000000e+01 9.638127712081928192e+18 2.296466812439807918e+20 4.282696574022902743e+20 3.895631825812043203e+20 2.754779001525224079e+20 1.019240915358084628e+20
9.050000000000000000e+01 9.638124748387899392e+18 2.296436049221476352e+20 4.282222269750342451e+20 3.893918124583178076e+20 2.753041336583484211e+20 1.017804921148133048e+20
9.100000000000000000e+01 9.638121784813305856e+18 2.296405296361165292e+20 4.281748750013981000e+20 3.892209673237807759e+20 2.751310414540026675e+20 1.016378002028483871e+20
9.150000000000000000e+01 9.638118821358137344e+18 2.296374553848157635e+20 4.281276011037736960e+20 3.890506433786321306e+20 2.749586177762728673e+20 1.014960059786573414e+20
9.200000000000000000e+01 9.638115858022387712e+18 2.296343821671754629e+20 4.280804049076468449e+20 3.888808368702246093e+20 2.747868569413275484e+20 1.013550997722092503e+20
9.250000000000000000e+01 9.638112894806044672e+18 2.296313099821276201e+20 4.280332860415611372e+20 3.887115440914213765e+20 2.746157533432140268e+20 1.012150720616594964e+20
9.300000000000000000e+01 9.638109931709100032e+18 2.296282388286059643e+20 4.279862441370836664e+20 3.885427613798110986e+20 2.744453014523930542e+20 1.010759134703863398e+20
9.350000000000000000e+01 9.638106968731547648e+18 2.296251687055459615e+20 4.279392788287685263e+20 3.883744851169386824e+20 2.742754958143079383e+20 1.009376147641008456e+20
9.400000000000000000e+01 9.638104005873375232e+18 2.296220996118846505e+20 4.278923897541245665e+20 3.882067117275550843e+20 2.741063310479877079e+20 1.008001668480280166e+20
9.450000000000000000e+01 9.638101043134578688e+18 2.296190315465611674e+20 4.278455765535807898e+20 3.880394376788832420e+20 2.739378018446829158e+20 1.006635607641570836e+20
9.500000000000000000e+01 9.638098080515145728e+18 2.296159645085162537e+20 4.277988388704533217e+20 3.878726594798991442e+20 2.737699029665340785e+20 1.005277876885589361e+20
9.550000000000000000e+01 9.638095118015068160e+18 2.296128984966922568e+20 4.277521763509123809e+20 3.877063736806303990e+20 2.736026292452707860e+20 1.003928389287686799e+20
9.600000000000000000e+01 9.638092155634339840e+18 2.296098335100333261e+20 4.277055886439509524e+20 3.875405768714685645e+20 2.734359755809409597e+20 1.002587059212314214e+20
9.650000000000000000e+01 9.638089193372944384e+18 2.296067695474853806e+20 4.276590754013524132e+20 3.873752656824970772e+20 2.732699369406695342e+20 1.001253802288093594e+20
9.700000000000000000e+01 9.638086231230881792e+18 2.296037066079962071e+20 4.276126362776591401e+20 3.872104367828345160e+20 2.731045083574458450e+20 9.999285353834884301e+19
9.750000000000000000e+01 9.638083269208141824e+18 2.296006446905150996e+20 4.275662709301425603e+20 3.870460868799895962e+20 2.729396849289388687e+20 9.986111765830501990e+19
9.800000000000000000e+01 9.638080307304712192e+18 2.295975837939932201e+20 4.275199790187718902e+20 3.868822127192329421e+20 2.727754618163389071e+20 9.973016451642304102e+19
9.850000000000000000e+01 9.638077345520584704e+18 2.295945239173833687e+20 4.274737602061845791e+20 3.867188110829797376e+20 2.726118342432260096e+20 9.959998615747364454e+19
9.900000000000000000e+01 9.638074383855755264e+18 2.295914650596399841e+20 4.274276141576570143e+20 3.865558787901875159e+20 2.724487974944634634e+20 9.947057474104246272e+19
9.950000000000000000e+01 9.638071422310207488e+18 2.295884072197196349e+20 4.273815405410755543e+20 3.863934126957641728e+20 2.722863469151172362e+20 9.934192253937028301e+19
